110.422402 -6.978198 7 3
110.203036 -6.921099 8 3
110.552225 -6.897105 6 3
110.495407 -7.340675 6 3
110.403143 -7.259005 6 3
110.410139 -7.270856 6 3
110.670523 -6.591434 4 3
111.028969 -6.750394 4 3
109.138143 -7.471531 5 3
109.007096 -7.732912 0 1
110.368776 -7.797217 5 3
110.447939 -7.540952 0 3
110.033055 -7.822836 5 3
110.016332 -7.712354 8 3
110.020706 -7.716626 6 3
110.032167 -7.89424 8 3
109.900415 -7.367583 7 3
109.984082 -7.449821 8 3
111.102487 -8.178499 5 3
109.669998 -6.882887 4 3
112.011398 -7.816895 4 3
110.252822 -7.384237 3 2
113.687859 -7.731762 0 2
