127.551	-0.566	4	1	Labuha
129.9031	-4.517	8	1	BandaNeira
129.9215	-4.5575	8	1	BandaBesar
130.03		-4.59	8	1	Rosengain
129.7754	-4.5269	8	1	Ai
128.207		-3.67	5	1	Ambon
128.088		-3.584	5	1	Hila
127.934		-3.749	5	1	Larike
128.653		-3.566	7	1	SaparuaBay
128.653		-3.566	7	1	Tijau
128.61805	-3.58275	7	1	Porto
128.56519	-3.50278	7	1	Kulor
128.70312	-3.59195	7	1	SiriSori
128.55513	-3.54497	6	1	Hulaliu
128.43166	-3.62828	6	1	Oma
128.50949	-3.60581	6	1	Wasu
128.80533	-3.64673	7	1	Amet
128.81031	-3.67335	7	1	Akoon
128.76242	-3.64773	7	1	Leinitu
127.09692	-3.27503	4	1	Buru
128.95579	-3.29887	6	1	Amahai
127.38075	0.7841		4	1	Ternate
132.99		-5.58		7	1	KeiIslands
