127.551	-0.566	4	0.5	Labuha
129.9031	-4.517	8	0.25	BandaNeira
129.9215	-4.5575	8	0.25	BandaBesar
130.03		-4.59	8	0.25	Rosengain
129.7754	-4.5269	8	0.25	Ai
128.207		-3.67	5	0.34	Ambon
128.088		-3.584	5	0.33	Hila
127.934		-3.749	5	0.33	Larike
128.653		-3.566	7	0.2	SaparuaBay
128.653		-3.566	7	0.2	Tijau
128.61805	-3.58275	7	0.2	Porto
128.56519	-3.50278	7	0.2	Kulor
128.70312	-3.59195	7	0.2	SiriSori
128.55513	-3.54497	6	0.34	Hulaliu
128.43166	-3.62828	6	0.33	Oma
128.50949	-3.60581	6	0.33	Wasu
128.80533	-3.64673	7	0.34	Amet
128.81031	-3.67335	7	0.33	Akoon
128.76242	-3.64773	7	0.33	Leinitu
127.09692	-3.27503	4	1	Buru
128.95579	-3.29887	6	1	Amahai
127.38075	0.7841		4	0.5	Ternate
132.99		-5.58		6	0.33	KeiIslands
